1.3535
1.2786
1.1504
1.1854
1.4239
1.3394
1.2517
1.1993
1.6243
1.6829
1.5064
1.5542
1.2761
1.3365
1.4249
1.9085
1.2827
1.7871
1.1915
1.1673
1.2264
1.1596
1.1733
1.2111
1.1424
1.2345
1.1910
1.2519
1.2485
1.2563
1.2332
1.2563
1.2911
1.2025
1.2011
1.2301
1.2742
1.3142
1.2965
1.2737
1.4733
1.3074
1.4374
1.3554
1.1840
1.4502
1.2920
1.1937
1.3764
1.3640
1.4686
2.3016
1.8550
2.1720
2.3321
2.9514
1.9590
1.6586
1.9034
2.5350
2.2770
2.7030
2.0442
2.9075
2.6601
2.5468
2.4241
2.4013
2.5618
2.5410
2.5870
3.0074
2.3842
1.6843
1.5522
1.7570
1.9578
2.0115
1.7456
1.7506
1.6618
1.7577
1.6854
1.5630
1.6355
1.5452
1.5190
1.5735
1.0389
1.3263
1.4487
1.4953
1.6392
1.4433
1.5149
1.3144
1.5605
1.3049
1.4878
1.3619
1.4610
1.5853
1.3759
1.1948
1.4839
1.4881
1.2666
1.5906
3.0175
2.7396
3.6205
3.3491
3.9023
3.6838
4.0551
4.1224
3.9897
4.1330
3.8104
4.3939
4.0024
4.3678
3.8816
4.0367
3.7231
3.6462
3.8351
3.3251
3.5021
3.4162
1.2670
2.5755
2.9341
2.2691
1.1716
2.6287
3.1038
3.1752
1.5957
1.1616
1.6787
1.4538
1.1631
2.4529
3.0541
1.3978
1.7191
1.6579
2.1046
1.6322
1.6862
1.9759
1.5800
2.0144
1.8420
2.1209
1.7882
2.2043
1.3349
1.4010
1.4656
1.7811
1.6189
1.9461
2.0559
1.9122
1.9130
1.9116
1.9102
1.9103
1.9118
1.9144
1.9119
1.9120
1.9128
1.9125
1.9126
1.9120
1.9127
1.9125
1.9148
1.9120
1.9145
1.9144
1.9141
1.2441
1.2462
1.4359
1.2209
1.2794
1.2429
1.2617
1.2250
1.3371
1.3070
1.2357
1.3443
1.2456
1.2086
1.2700
1.4204
1.3440
1.2905
1.3182
1.3216
1.3013
1.2236
1.3558
1.2776
1.2381
1.3633
1.2840
1.2419
1.3459
1.2644
1.9908
2.3414
2.2849
2.3661
2.3146
2.2618
2.0604
2.3060
2.3636
2.4728
2.0557
2.1187
2.2102
2.5146
2.0606
2.1051
2.0807
2.0586
2.3718
2.2403
2.2748
2.2591
1.9944
2.3418
2.4366
2.2336
2.3030
2.3235
2.2509
2.2653
1.7218
2.1027
2.1575
2.0704
2.0618
1.9714
1.8285
1.9556
1.9241
2.1264
1.8418
1.8964
1.9851
2.0995
1.7835
1.9359
1.8503
1.8724
2.1569
2.0081
2.0080
1.9697
1.6990
2.0591
2.1016
1.9559
2.0192
1.9344
1.8733
1.9768
1.5415
1.5836
1.6381
1.6564
1.6793
1.6393
1.6275
1.7277
1.6955
1.7053
1.5068
1.6006
1.6142
1.5603
1.5230
1.5338
1.6439
1.6308
1.6794
1.6064
1.7487
1.5214
1.5527
1.5772
1.5075
1.5871
1.6397
1.7205
1.5447
1.6576
1.7900
1.6675
1.6586
1.6676
1.9308
1.7496
1.7444
1.6685
1.7140
1.6933
1.4273
1.4825
1.6824
1.6244
1.4180
1.6056
1.7506
1.9099
1.8263
1.8292
1.9828
1.4563
1.5843
1.8118
1.5984
1.9899
1.8967
1.7948
1.5703
1.6162
1.3365
1.3195
1.3555
1.5154
1.3513
1.5634
1.4012
1.3857
1.4143
1.5134
1.3844
1.3591
1.3592
1.4134
1.4972
1.5023
1.6396
1.4169
1.7072
1.5804
1.6424
1.5520
1.5211
1.4176
1.4993
1.4333
1.5015
1.4285
1.4175
1.3575
1.9232
1.6872
1.7649
1.8305
2.1473
1.8771
1.8008
1.8529
1.7940
1.7366
1.5177
1.6251
1.8167
1.8257
1.4353
1.6383
1.7756
2.0442
1.9271
1.9002
2.1425
1.6269
1.7303
1.9757
1.8092
2.1308
2.0739
1.8921
1.6248
1.6946
1.1525
1.2416
1.2416
1.2762
1.2762
1.3610
1.3332
1.3738
1.2953
1.2953
1.3825
1.3981
1.3825
1.3981
1.4495
1.4495
1.1618
1.3027
1.2457
1.2205
1.2205
1.1884
1.2183
1.3675
1.2710
1.4302
1.2109
1.4028
1.1618
1.1913
1.2187
1.1987
1.2208
1.3037
1.3876
1.1957
1.3274
1.2245
1.1808
1.2244
1.3248
1.3679
1.3803
1.2405
1.2677
1.2804
1.3419
1.1109
1.1880
1.1736
1.2535
1.4117
1.3459
1.4400
1.3467