1.9112
1.7457
1.4616
1.3910
1.3795
1.3724
1.3683
1.3567
1.3026
1.2563
1.2329
1.2264
1.2120
1.2086
1.2045
1.1874
1.1804
1.1793
1.1782
1.1710
1.1672
1.1638
1.1613
1.1575
1.1510
1.1466
1.1455
1.1453
1.1444
1.1435
1.1430
1.1429
1.1404
1.1386
1.1362
1.1269
1.1216
1.1212
1.1180
1.1156
1.1119
1.1115
1.1086
1.1059
1.1008
1.1004
1.0987
1.0983
1.0975
1.0960
1.0956
1.0950
1.0925
1.0922
1.0914
1.0907
1.0904
1.0895
1.0869
1.0864
1.0845
1.0816
1.0800
1.0795
1.0775
1.0772
1.0772
1.0771
1.0770
1.0754
1.0744
1.0735
1.0735
1.0718
1.0706
1.0701
1.0700
1.0694
1.0692
1.0689
1.0676
1.0674
1.0663
1.0653
1.0648
1.0647
1.0647
1.0643
1.0638
1.0631
1.0623
1.0621
1.0615
1.0612
1.0605
1.0597
1.0564
1.0551
1.0546
1.0519
1.0517
1.0505
1.0484
1.0480
1.0478
1.0465
1.0453
1.0446
1.0445
1.0438
1.0428
1.0423
1.0402
1.0400
1.0395
1.0391
1.0387
1.0377
1.0373
1.0371
1.0371
1.0370
1.0366
1.0366
1.0366
1.0366
1.0363
1.0356
1.0352
1.0351
1.0351
1.0341
1.0338
1.0337
1.0335
1.0324
1.0318
1.0316
1.0315
1.0312
1.0295
1.0293
1.0291
1.0282
1.0281
1.0276
1.0274
1.0269
1.0267
1.0267
1.0250
1.0243
1.0235
1.0210
1.0188
1.0188
1.0178
1.0173
1.0165
1.0156
1.0148
1.0146
1.0143
1.0142
1.0142
1.0127
1.0111
1.0111
1.0102
1.0101
1.0098
1.0097
1.0095
1.0095
1.0090
1.0077
1.0076
1.0076
1.0076
1.0076
1.0076
1.0076
1.0076
1.0076
1.0073
1.0072
1.0069
1.0050
1.0050
1.0046
1.0046
1.0039
1.0037
1.0032
1.0032
1.0024
1.0023
1.0020
1.0012
1.0009
1.0004
0.9997
0.9995
0.9978
0.9977
0.9969
0.9968
0.9966
0.9959
0.9954
0.9954
0.9953
0.9948
0.9947
0.9940
0.9934
0.9931
0.9919
0.9916
0.9916
0.9908
0.9906
0.9901
0.9900
0.9885
0.9884
0.9875
0.9860
0.9856
0.9854
0.9848
0.9848
0.9838
0.9838
0.9830
0.9824
0.9823
0.9809
0.9808
0.9801
0.9792
0.9786
0.9783
0.9781
0.9780
0.9769
0.9769
0.9768
0.9760
0.9760
0.9755
0.9751
0.9751
0.9751
0.9750
0.9741
0.9735
0.9734
0.9734
0.9727
0.9723
0.9717
0.9712
0.9701
0.9697
0.9687
0.9683
0.9682
0.9682
0.9679
0.9670
0.9668
0.9667
0.9665
0.9663
0.9658
0.9652
0.9650
0.9646
0.9645
0.9644
0.9641
0.9638
0.9638
0.9624
0.9621
0.9620
0.9616
0.9616
0.9613
0.9606
0.9598
0.9596
0.9595
0.9593
0.9583
0.9582
0.9582
0.9577
0.9569
0.9568
0.9564
0.9562
0.9559
0.9557
0.9555
0.9552
0.9546
0.9543
0.9543
0.9541
0.9541
0.9540
0.9538
0.9537
0.9536
0.9526
0.9525
0.9511
0.9511
0.9495
0.9492
0.9488
0.9487
0.9486
0.9480
0.9478
0.9474
0.9473
0.9461
0.9452
0.9435
0.9434
0.9434
0.9434
0.9434
0.9432
0.9430
0.9421
0.9420
0.9415
0.9409
0.9406
0.9394
0.9393
0.9393
0.9390
0.9390
0.9371
0.9366
0.9358
0.9355
0.9350
0.9342
0.9341
0.9341
0.9341
0.9340
0.9339
0.9332
0.9332
0.9324
0.9321
0.9312
0.9308
0.9307
0.9297
0.9296
0.9292
0.9281
0.9280
0.9269
0.9262
0.9262
0.9260
0.9259
0.9258
0.9255
0.9252
0.9247
0.9241
0.9238
0.9231
0.9228
0.9222
0.9209
0.9205
0.9201
0.9197
0.9192
0.9182
0.9179
0.9177
0.9169
0.9169
0.9168
0.9166
0.9166
0.9164
0.9152
0.9144
0.9133
0.9133
0.9129
0.9124
0.9120
0.9111
0.9102
0.9100
0.9097
0.9090
0.9085
0.9083
0.9080
0.9078
0.9078
0.9075
0.9066
0.9058
0.9057
0.9052
0.9048
0.9045
0.9043
0.9041
0.9036
0.9035
0.9033
0.9032
0.9031
0.9028
0.9024
0.9003
0.8989
0.8980
0.8979
0.8970
0.8967
0.8966
0.8966
0.8963
0.8961
0.8955
0.8952
0.8936
0.8926
0.8924
0.8912
0.8911
0.8901
0.8900
0.8886
0.8884
0.8876
0.8862
0.8856
0.8846
0.8838
0.8820
0.8818
0.8813
0.8812
0.8806
0.8804
0.8795
0.8791
0.8786
0.8784
0.8767
0.8764
0.8762
0.8762
0.8760
0.8744
0.8740
0.8720
0.8719
0.8717
0.8707
0.8700
0.8698
0.8673
0.8665
0.8665
0.8658
0.8645
0.8643
0.8640
0.8637
0.8634
0.8634
0.8633
0.8620
0.8617
0.8613
0.8602
0.8594
0.8578
0.8573
0.8573
0.8571
0.8568
0.8532
0.8517
0.8507
0.8499
0.8497
0.8485
0.8481
0.8469
0.8467
0.8467
0.8461
0.8460
0.8457
0.8439
0.8439
0.8432
0.8431
0.8431
0.8431
0.8417
0.8402
0.8397
0.8395
0.8389
0.8384
0.8384
0.8380
0.8378
0.8375
0.8372
0.8358
0.8358
0.8330
0.8322
0.8318
0.8311
0.8311
0.8309
0.8306
0.8303
0.8297
0.8289
0.8283
0.8280
0.8278
0.8271
0.8271
0.8268
0.8265
0.8264
0.8250
0.8246
0.8246
0.8235
0.8232
0.8221
0.8221
0.8215
0.8202
0.8181
0.8154
0.8148
0.8142
0.8130
0.8122
0.8096
0.8092
0.8091
0.8077
0.8070
0.8063
0.8037
0.8033
0.8026
0.8024
0.8018
0.8013
0.8008
0.7998
0.7993
0.7993
0.7983
0.7983
0.7983
0.7983
0.7983
0.7983
0.7983
0.7983
0.7983
0.7983
0.7983
0.7983
0.7983
0.7983
0.7963
0.7963
0.7956
0.7954
0.7946
0.7944
0.7929
0.7918
0.7917
0.7916
0.7908
0.7895
0.7880
0.7874
0.7862
0.7859
0.7852
0.7840
0.7838
0.7838
0.7837
0.7824
0.7821
0.7817
0.7811
0.7799
0.7787
0.7785
0.7773
0.7750
0.7742
0.7741
0.7724
0.7715
0.7651
0.7650
0.7646
0.7643
0.7616
0.7577
0.7577
0.7556
0.7541
0.7534
0.7391
0.7372
0.7344
0.7205
0.7192
0.7092
0.7092
0.6623
0.6598